184 103
106 81
104 127
11 11
40 35
12 29
37 171
178 42
67 38
89 125
49 49
7 112
40 126
125 133
82 18
154 109
37 37
175 125
89 129
68 56
127 4
94 97
8 183
72 50
89 114
119 135
104 180
8 8
150 32
168 164
125 88
109 109
94 169
106 106
33 62
176 160
150 22
164 154
104 160
173 170
150 157
8 90
40 77
7 97
94 99
150 176
40 79
40 100
8 151
125 5
8 19
22 160
118 125
109 37
154 161
33 133
133 92
81 77
104 104
125 92
38 74
5 114
107 107
106 154
105 28
145 33
109 49
104 81
62 145
7 32
7 169
125 60
161 105
125 101
107 157
91 37
160 150
91 91
72 72
109 171
72 93
125 61
125 119
171 171
126 79
40 40
109 168
68 164
161 28
104 106
125 81
137 34
38 14
29 141
122 11
125 117
173 61
38 117
106 152
125 46
125 135
8 47
84 158
161 171
