184 111
72 122
11 11
40 35
12 29
145 106
89 88
118 125
145 81
125 133
89 46
3 9
82 18
173 114
175 125
72 50
3 126
63 31
49 171
81 132
33 106
150 32
125 88
72 56
27 106
3 77
109 154
117 60
40 126
145 62
120 39
3 83
27 132
157 107
125 89
7 97
173 61
40 79
81 50
4 127
83 178
40 100
125 5
7 107
125 61
1 42
120 63
109 37
102 97
109 109
33 81
56 68
150 150
125 92
145 72
3 178
83 9
40 40
109 161
109 164
145 33
109 49
102 169
83 81
145 180
72 37
89 60
49 49
7 169
125 60
104 72
157 24
161 154
4 71
49 36
101 5
150 22
173 5
101 98
109 171
89 61
72 93
17 17
89 101
125 119
76 76
171 171
22 22
109 168
125 101
125 147
157 22
102 107
7 102
89 175
77 40
157 157
126 42
89 117
150 176
125 117
8 90
106 81
3 156
89 119
145 145
125 46
125 135
4 50
84 158
150 160
27 152
