184 85
104 104
94 123
104 127
135 119
89 129
42 42
100 79
176 102
123 150
11 11
29 54
29 8
40 35
40 126
49 49
123 102
94 176
145 106
38 117
89 88
125 101
150 157
62 180
40 77
62 145
97 112
145 33
32 157
89 92
150 176
35 77
156 42
105 28
40 79
89 125
171 171
29 12
62 33
145 81
7 112
89 175
106 33
150 160
89 46
125 135
100 126
94 102
88 35
89 89
37 106
89 60
89 117
7 169
109 37
68 56
40 40
100 3
156 1
94 150
81 77
40 100
106 81
150 32
88 53
133 175
104 106
89 119
104 160
123 176
41 41
104 180
160 176
91 91
15 92
150 22
125 119
89 135
16 87
89 61
12 103
61 125
89 101
150 102
72 72
104 81
