184 76
8 19
48 106
28 49
72 180
122 81
40 126
73 146
135 62
35 77
40 35
164 154
79 77
120 39
73 160
89 88
62 5
73 93
73 106
79 126
33 145
94 99
40 100
89 92
150 176
73 50
119 89
73 81
8 47
40 79
89 125
62 33
135 5
8 151
164 161
73 72
180 50
89 46
164 168
73 36
79 71
79 100
150 94
62 145
89 89
89 117
73 4
73 56
109 37
8 90
122 106
94 97
89 175
28 173
40 77
38 117
150 32
168 37
73 104
73 68
49 171
73 73
168 161
173 49
40 40
125 92
164 109
89 135
73 180
89 61
8 8
38 129
150 160
73 127
15 81
94 169
117 125
