184 88
104 127
77 126
98 125
119 92
164 59
66 73
57 62
104 106
16 89
133 57
26 66
32 94
177 22
119 125
81 65
81 3
106 156
131 118
25 140
5 25
159 28
114 49
21 114
21 163
106 172
133 166
93 66
119 119
164 154
127 93
32 157
54 12
81 50
32 166
106 139
81 162
160 81
106 45
177 160
106 95
81 66
95 81
8 91
32 102
5 114
81 56
104 65
127 81
49 28
106 0
106 83
139 92
168 109
81 93
164 113
106 77
106 158
104 81
164 168
37 37
177 177
106 55
106 5
81 73
81 150
168 64
81 26
162 62
95 95
95 45
47 54
162 145
56 122
162 57
131 92
5 49
95 52
177 97
78 124
32 123
106 20
164 161
54 103
81 146
106 81
50 106
81 22
21 159
