184 87
12 54
62 26
106 52
106 3
166 15
125 133
166 34
82 18
166 43
62 57
106 156
94 97
160 66
8 8
106 84
125 88
135 131
106 106
62 106
182 182
109 154
106 128
135 101
166 124
4 66
97 102
123 123
8 151
166 39
133 131
35 3
166 63
8 19
166 76
125 175
88 46
166 33
8 12
125 92
135 135
50 81
62 81
106 132
107 107
166 120
106 0
106 88
166 20
33 145
106 77
62 62
94 102
62 145
88 119
125 60
107 157
106 5
166 75
150 22
106 82
123 97
125 61
125 131
125 119
106 158
97 150
123 102
90 8
106 114
125 101
166 148
166 31
176 97
106 20
166 85
94 123
106 125
150 176
125 117
90 103
166 84
125 46
106 36
125 135
94 176
8 47
150 160
