184 87
5 81
77 126
27 182
12 29
145 106
97 112
73 93
168 77
97 123
73 160
16 89
135 5
73 72
125 133
173 114
97 169
131 118
170 49
128 118
27 27
125 118
8 8
102 123
125 88
131 125
8 90
73 106
73 50
135 81
8 151
133 131
8 19
17 17
73 56
16 83
131 147
102 97
73 68
77 79
15 125
11 56
125 92
32 160
125 38
125 175
5 114
107 107
33 145
28 170
97 176
62 33
102 112
73 36
102 169
62 145
125 60
97 32
170 114
12 141
173 5
125 61
125 119
132 81
73 146
135 62
168 35
125 101
125 128
125 147
73 81
102 107
33 11
150 176
34 137
73 4
125 117
125 46
32 107
62 72
15 92
125 135
5 125
8 47
73 26
73 127
168 171
107 157
