184 80
5 114
135 119
106 106
79 3
38 69
107 107
40 40
27 182
125 92
40 35
40 126
79 77
105 28
29 12
125 101
173 170
83 89
157 32
129 13
40 77
154 109
125 117
40 100
26 81
77 81
123 123
106 127
135 125
40 79
170 61
62 145
61 131
62 72
137 34
62 62
38 129
125 5
154 164
119 125
16 80
79 100
38 14
79 126
173 61
125 133
22 32
125 60
109 37
152 71
125 175
37 11
72 145
135 92
38 117
72 50
81 106
114 170
129 89
125 131
152 106
125 46
38 0
3 100
79 35
15 92
8 8
114 173
4 50
123 97
16 87
22 160
72 93
135 5
123 22
61 125
38 74
125 88
27 27
125 38
168 171
