184 89
5 81
77 126
33 72
131 135
131 88
40 35
12 29
34 20
50 127
125 133
131 46
131 118
131 129
81 106
114 170
131 156
114 49
131 5
8 8
125 88
33 62
131 98
40 126
79 100
120 39
8 90
123 112
123 123
40 79
72 160
40 100
8 151
85 31
125 5
62 135
8 19
62 11
125 175
131 147
28 28
131 100
56 68
81 77
125 92
5 88
131 53
5 114
79 3
107 107
131 44
160 50
1 153
175 133
33 145
175 117
131 60
125 60
107 157
106 5
5 135
131 38
114 173
123 97
125 61
125 131
125 119
131 40
131 101
175 61
131 35
125 135
123 102
131 158
125 101
131 92
5 83
131 117
90 29
5 62
125 117
131 119
40 77
131 61
175 131
40 40
112 97
8 47
168 171
3 106
