184 86
28 49
27 182
11 11
62 26
40 35
112 150
3 40
97 112
106 3
97 123
11 171
32 94
154 109
68 56
94 97
176 150
114 49
27 27
8 8
125 88
46 46
22 150
164 154
120 39
8 90
40 77
40 79
4 127
40 100
8 151
125 5
8 19
112 169
125 175
176 22
154 161
28 28
132 81
125 92
112 176
145 72
32 32
5 114
50 81
56 93
107 107
176 32
32 7
106 81
32 97
49 173
62 33
38 129
62 145
125 60
107 157
168 161
56 50
114 173
16 87
125 61
125 131
125 133
44 9
125 119
117 118
106 4
40 126
135 62
125 135
94 107
44 83
125 101
77 81
125 117
171 49
38 117
13 129
32 56
32 107
62 72
40 40
8 47
49 5
32 169
168 171
