184 131
135 88
135 119
77 126
17 120
125 171
27 182
11 11
40 35
28 49
171 171
97 112
158 0
97 123
118 147
118 128
135 5
125 133
125 61
154 109
36 37
77 3
68 56
94 97
81 106
42 69
40 89
114 49
161 168
32 22
89 156
27 27
125 118
8 8
117 173
125 88
71 3
158 158
168 109
169 99
77 100
40 129
114 33
164 154
135 101
120 39
8 90
40 77
77 35
40 79
4 127
40 100
8 151
125 5
129 38
135 98
8 19
112 169
135 117
36 11
145 145
4 82
42 0
125 175
176 22
161 164
161 109
77 79
36 171
125 92
125 119
135 61
135 135
145 72
5 114
32 7
49 49
4 36
13 129
33 145
158 77
62 33
83 81
62 62
164 168
158 156
62 145
52 182
83 156
3 40
161 154
91 37
135 46
28 28
160 22
4 81
114 173
152 72
164 109
71 71
135 92
42 77
33 33
125 131
122 11
32 160
42 42
40 126
135 62
126 98
125 101
82 81
61 46
125 147
77 81
176 97
135 125
158 44
158 125
91 171
169 97
5 62
60 125
105 28
135 175
62 72
40 40
94 176
8 47
71 81
117 125
16 174
