184 75
5 114
173 49
77 126
76 76
17 120
62 72
40 129
16 156
27 182
11 11
126 79
14 0
49 28
168 154
81 83
40 35
40 126
81 71
120 39
40 40
161 164
29 12
27 132
62 5
40 77
32 11
97 112
145 33
32 56
132 120
56 11
40 79
157 169
81 50
171 125
62 33
49 49
40 100
125 115
125 81
170 61
152 72
150 152
154 164
171 171
62 145
150 176
106 104
16 83
62 11
68 56
127 4
94 97
176 22
122 122
92 88
106 81
161 109
154 109
106 50
49 171
40 89
28 28
161 168
4 106
81 77
125 135
114 173
62 62
123 97
16 87
150 160
154 161
168 171
117 125
