184 108
15 5
28 49
33 72
28 105
42 156
40 35
112 150
3 40
29 12
117 115
17 120
157 150
49 49
135 5
101 46
33 11
101 135
154 109
37 37
68 56
88 0
176 150
15 18
72 50
40 89
8 8
160 32
106 106
40 126
120 39
173 170
157 107
8 90
40 77
0 81
40 79
106 122
4 127
40 100
8 151
8 19
154 171
129 13
106 50
102 97
28 28
106 72
132 81
22 32
5 26
37 11
101 175
5 114
88 156
135 171
115 115
4 146
62 5
161 109
33 145
69 0
106 4
60 117
62 33
83 81
74 38
62 145
157 176
88 135
33 26
28 5
160 56
33 71
62 72
4 81
114 173
71 71
101 117
42 42
176 102
171 171
40 40
15 82
109 168
112 99
77 81
157 22
135 125
9 83
13 13
164 161
114 61
94 123
17 63
101 61
106 81
112 7
160 22
5 106
9 44
102 157
4 50
112 97
8 47
125 158
71 81
17 39
106 146
