184 91
104 127
11 11
62 26
40 35
49 49
129 48
157 97
94 97
119 135
8 8
106 106
150 32
94 169
168 109
20 20
33 62
109 154
40 126
8 90
40 77
123 97
94 99
93 72
123 123
40 79
81 50
11 106
40 100
8 151
146 93
104 26
8 19
36 11
62 11
28 164
127 112
28 28
125 77
56 68
81 77
11 56
104 104
114 125
145 72
5 114
79 3
107 107
4 146
1 153
24 157
146 50
33 145
109 49
104 81
62 62
62 145
114 46
107 157
79 35
168 161
72 72
114 173
109 171
145 145
76 76
171 171
11 81
49 114
123 102
107 97
157 22
176 97
168 28
104 106
16 181
33 11
125 81
16 80
114 61
104 160
150 176
5 62
123 112
106 81
13 129
62 72
40 40
11 146
8 47
49 5
168 171
