184 87
89 181
158 171
40 35
79 77
97 112
125 0
168 77
89 83
154 109
89 89
102 107
72 50
160 93
89 156
160 150
168 161
117 38
89 16
150 32
72 56
6 20
3 77
171 146
171 36
28 171
40 126
145 62
120 39
97 102
77 48
8 90
40 77
114 5
107 24
158 48
40 79
89 42
40 100
109 109
154 171
89 1
176 22
97 123
8 12
77 4
56 68
145 72
6 148
146 146
107 107
4 146
49 28
71 122
89 178
145 33
109 49
171 37
56 11
102 169
89 80
79 126
56 36
102 157
107 157
79 35
3 100
114 173
109 171
62 33
72 93
145 145
89 44
89 87
42 42
168 35
109 168
35 48
89 9
154 168
5 62
109 37
0 38
105 28
40 40
89 40
5 125
8 47
